# ./data/H - 11(fld 07 wv Red - Cy5).tif
# cellNo,xcoord,ycoord,size
0,760,43,324
0,679,62,210
0,707,96,238
0,674,124,224
0,733,134,208
1,798,18,180
1,760,41,528
1,824,33,160
1,856,43,528
1,872,54,399
1,835,50,209
1,902,94,132
2,151,187,240
2,130,191,255
2,154,199,247
2,153,213,442
2,173,238,360
2,186,258,374
3,1580,167,3332
3,1632,202,1080
3,1525,221,1254
3,1531,264,1092
3,1616,285,240
3,1586,295,1104
4,115,149,198
4,125,195,990
4,151,187,207
4,154,199,228
4,153,213,442
4,82,228,280
4,173,238,360
4,181,258,180
5,390,196,340
5,403,218,1127
5,482,218,468
5,520,224,306
5,374,240,162
5,431,264,408
5,382,270,552
5,408,269,187
5,381,289,156
5,515,316,323
5,380,319,168
5,406,323,460
5,424,352,625
6,1800,211,702
6,1772,227,437
6,1819,235,754
6,1743,239,460
6,1839,254,693
6,1664,268,348
6,1848,267,234
6,1824,278,256
6,1782,282,195
6,1844,288,352
6,1723,297,450
6,1739,320,416
6,1840,318,285
6,1717,386,392
7,1550,371,345
7,1490,423,684
7,1516,418,621
7,1547,411,189
8,1717,386,527
8,1628,435,255
8,1626,460,221
8,1731,471,440
8,1576,478,182
8,1677,490,551
9,926,408,399
9,820,437,221
9,799,459,208
9,887,476,1512
9,926,472,456
9,829,496,336
10,1265,407,252
10,1345,417,406
10,1328,411,196
10,1343,454,304
10,1348,478,288
10,1306,486,242
10,1372,489,238
10,1273,496,775
10,1347,504,1064
10,1236,501,180
10,1278,537,378
10,1328,537,380
10,1244,541,891
10,1303,541,234
11,1518,517,578
12,1567,465,1271
12,1626,460,221
12,1611,539,252
12,1637,586,143
13,1731,471,440
13,1834,493,819
13,1776,494,176
13,1756,506,1008
13,1749,525,198
13,1807,544,272
13,1746,575,306
13,1824,617,560
13,1872,616,144
14,1242,541,169
14,1169,589,240
14,1230,605,900
14,1164,602,216
15,476,551,330
15,478,618,390
15,432,642,2340
15,509,634,182
15,538,639,336
15,507,651,420
15,477,653,588
15,514,688,180
15,469,689,361
16,698,597,187
16,693,612,299
16,702,644,775
16,808,645,160
16,689,656,384
16,803,666,418
16,762,663,230
16,781,699,1855
16,689,687,435
16,723,701,220
17,433,644,1596
17,292,683,240
17,332,691,378
17,389,717,360
17,348,715,306
18,1230,684,300
18,1275,689,374
18,1225,701,247
18,1314,700,200
19,786,705,224
19,752,704,162
19,669,757,483
19,697,769,338
19,630,780,676
19,694,796,270
19,664,799,196
19,689,813,320
19,624,823,228
19,663,825,204
19,693,878,224
19,637,901,476
20,1098,768,483
20,1068,775,616
20,1040,812,210
20,1038,834,266
20,1100,845,250
21,1610,863,1056
21,1624,893,728
21,1643,927,1085
21,1573,993,5244
21,1528,982,195
21,1617,998,224
21,1525,1003,238
22,153,837,286
22,183,841,165
22,187,866,336
22,96,876,288
22,99,931,315
22,166,954,204
22,220,979,580
22,118,1003,342
23,374,900,312
23,340,908,342
23,306,919,361
23,403,933,418
23,423,950,418
23,287,963,208
23,424,975,208
23,422,1004,1320
23,360,1043,1360
23,402,1039,400
23,331,1052,180
24,1230,912,168
24,1144,957,196
25,1818,616,300
25,1986,659,336
25,1961,759,182
25,1886,769,231
25,1874,785,180
25,1875,806,460
25,1822,809,340
25,1893,819,676
25,1846,819,280
25,1806,824,285
25,1850,851,2065
25,1602,854,208
25,1754,892,6966
25,1616,865,345
25,1879,879,600
25,1827,911,4307
25,1622,898,308
25,1643,927,1085
25,1751,958,3828
25,1815,957,288
25,1616,998,195
25,1738,1036,1000
26,1528,982,195
26,1525,1003,238
26,1457,1016,260
27,1349,951,476
27,1318,949,209
27,1315,981,361
27,1404,998,238
27,1336,1023,210
28,711,971,168
28,737,984,240
28,651,1019,204
28,685,1031,170
28,716,1033,345
28,706,1062,225
29,525,934,285
29,498,935,221
29,553,957,210
29,531,967,713
29,488,970,270
30,1050,1124,210
30,1116,1135,1056
30,1070,1166,260
30,1020,1171,255
31,118,1002,168
31,197,1022,224
31,175,1040,234
31,236,1040,176
31,150,1049,725
31,149,1074,180
31,249,1088,304
31,258,1108,238
31,192,1117,400
31,134,1122,165
31,239,1130,506
32,994,1132,238
32,1020,1171,255
32,1003,1188,504
32,973,1190,210
32,992,1207,286
32,988,1226,374
32,943,1227,336
33,1632,1088,2754
33,1521,1112,238
33,1505,1130,294
33,1571,1126,234
33,1482,1157,437
33,1648,1186,3685
33,1497,1190,416
34,494,1111,240
34,528,1123,208
34,565,1138,143
34,584,1151,168
34,483,1169,456
34,532,1170,276
34,510,1174,154
34,438,1179,374
34,580,1190,624
34,586,1219,414
34,428,1241,728
34,523,1282,899
35,1356,1237,210
35,1351,1251,195
35,1250,1261,750
35,1304,1266,308
35,1334,1279,143
35,1295,1283,817
35,1253,1290,360
35,1346,1296,168
35,1326,1298,204
35,1295,1317,156
36,783,1233,252
36,755,1235,195
36,761,1338,150
37,224,1388,285
37,206,1401,289
39,665,1419,225
39,763,1437,1320
39,651,1449,624
39,721,1473,306
39,703,1481,378
39,767,1490,1677
39,659,1489,676
40,478,1355,1472
40,513,1348,182
40,555,1370,143
40,461,1392,195
40,509,1394,182
40,579,1395,156
40,433,1399,252
40,512,1411,266
40,575,1430,224
40,428,1433,192
40,448,1456,440
40,513,1489,775
41,1519,1383,576
41,1553,1391,216
41,1573,1414,506
41,1529,1428,722
41,1476,1431,272
41,1552,1438,1125
41,1520,1450,208
41,1575,1472,672
41,1551,1471,546
41,1529,1496,525
41,1563,1507,960
41,1555,1502,238
41,1607,1506,221
41,1472,1514,294
43,253,1567,176
43,267,1599,651
43,201,1609,480
43,112,1612,374
43,207,1626,648
43,165,1641,576
43,252,1646,270
43,204,1657,484
44,625,1622,180
44,666,1638,270
44,628,1640,378
44,629,1658,252
44,658,1669,323
44,589,1670,144
44,617,1692,741
44,586,1758,192
45,1706,1693,154
45,1695,1718,204
46,346,1697,525
46,360,1743,360
46,447,1750,160
46,400,1763,168
47,1259,1782,182
48,589,1670,156
48,507,1728,506
48,447,1750,160
48,587,1757,1147
48,537,1808,280
48,442,1872,3640
49,1535,1742,225
49,1516,1765,660
49,1594,1834,136
51,1594,1834,162
51,1607,1878,192
51,1600,1947,221
52,1606,1877,165
52,1534,1944,190
52,1600,1948,437
52,1450,1980,247
53,938,1951,725
53,863,1995,169
