# ./data/H - 11(fld 07 wv Red - Cy5).tif
# cellNo,xcoord,ycoord,size,noVacuoles
0,706,111,22451,5
1,838,118,40205,7
2,188,207,30672,6
3,1608,227,44100,6
4,117,210,33945,8
5,426,272,56156,13
6,1771,275,63142,14
7,1503,381,23100,4
8,1667,423,36852,6
9,868,446,38809,6
10,1293,480,50358,14
11,1495,497,19440,1
12,1609,524,23520,4
13,1825,550,68564,9
14,1153,580,32592,4
15,489,631,70861,9
16,738,643,42140,10
17,340,715,48150,5
18,1281,696,33652,4
19,715,807,64974,12
20,1096,838,37245,5
21,1565,911,44604,7
22,156,915,36360,8
23,360,970,47670,11
24,1194,937,25596,2
25,1804,825,216670,22
26,1489,987,24915,3
27,1358,994,30758,5
28,691,1032,36612,6
29,521,991,35696,5
30,1102,1116,41615,4
31,189,1086,36472,11
32,960,1159,30210,7
33,1573,1164,76384,7
34,505,1202,66560,12
35,1296,1253,45400,10
36,780,1271,35343,3
37,245,1403,21666,2
38,1032,1421,33165,0
39,710,1460,32400,7
40,507,1418,45675,12
41,1561,1495,129492,14
42,1234,1512,17856,0
43,192,1605,50552,8
44,652,1678,38763,8
45,1660,1685,18495,2
46,379,1692,41193,4
47,1300,1768,22932,1
48,507,1758,67461,6
49,1562,1781,17152,3
50,1666,1823,14640,0
51,1622,1890,15730,3
52,1522,1954,33666,4
53,927,1972,19817,2
54,1636,1957,18,0
